Residue  Alpha    Beta    Gamma   Delta  Epsilon   Zeta      Chi
------- -------- ------- ------- ------- -------- ------- -------
      1   999.0   -67.8   -82.9   999.0   999.0   999.0   -13.2
      2   130.9   -53.8   -83.4   999.0   999.0   999.0   -16.4
      3   128.4   -59.5   -80.7   999.0   999.0   999.0   -21.1
      4   120.4   -60.7   -82.2   999.0   999.0   999.0   -13.8
      5   128.4   -53.4   -84.9   999.0   999.0   999.0   -16.0
      6   112.8   -55.3   -81.3   999.0   999.0   999.0   -20.1
      7   134.8   -62.5   137.3   999.0   999.0   999.0   -48.2
      8   101.9   -55.4   -78.6   999.0   999.0   999.0   -18.9
      9   148.9   -52.3   147.8   999.0   999.0   999.0   109.4
     11   999.0   -48.2   -87.2   999.0   999.0   999.0   -18.9
     12   117.8   -51.8   -80.7   999.0   999.0   999.0   -22.0
     13   111.5   178.6   -82.5   999.0   999.0   999.0   -10.4
     14   126.8   114.6    92.0   999.0   999.0   999.0    -8.3
     15   116.3   -51.9   -79.8   999.0   999.0   999.0   -20.3
     18   999.0   -59.0   150.6   999.0   999.0   999.0   -82.1
     19   160.5   -53.8   153.8   999.0   999.0   999.0    90.9
     20   120.3   -47.8   -89.9   999.0   999.0   999.0    -0.1
     21   -39.2   176.6   -78.2   999.0   999.0   999.0   -16.4
     22   164.3   179.3   -82.0   999.0   999.0   999.0    -2.7
     23   143.2   -52.5   -82.3   999.0   999.0   999.0   -19.0
     24   125.7   -46.8   -83.6   999.0   999.0   999.0   -22.8
     25   119.5   -53.9   -83.3   999.0   999.0   999.0   -21.6
     27   999.0   -43.6   -83.4   999.0   999.0   999.0   -11.8
     28   132.5   -49.3   -80.1   999.0   999.0   999.0   -19.9
     29   124.2   -55.6   -81.4   999.0   999.0   999.0   -16.9
     30   123.5   -56.9   -83.6   999.0   999.0   999.0    -9.1
     31   113.3   -52.3   -83.7   999.0   999.0   999.0   -23.1
     33   999.0   -47.0   -82.1   999.0   999.0   999.0   -32.9
     35   999.0   -40.2   -80.9   999.0   999.0   999.0   -25.9
     36   103.9   -51.3   -72.2   999.0   999.0   999.0   -25.4
     38   999.0   -46.9   -82.5   999.0   999.0   999.0   -10.6
     41   999.0   -52.4   -78.9   999.0   999.0   999.0   -10.1
     42   121.7   -55.6   -79.8   999.0   999.0   999.0   -10.8
     43   130.4   -55.6   -81.6   999.0   999.0   999.0   -18.8
     44   119.3   -60.0   -85.3   999.0   999.0   999.0   -19.8
     45   107.8   -51.0   -87.6   999.0   999.0   999.0   -31.6
     47   999.0   -44.4   146.1   999.0   999.0   999.0   -67.2
     48   -89.5   161.5   145.6   999.0   999.0   999.0   -41.7
     50   999.0   -42.1   -80.4   999.0   999.0   999.0   -14.7
     51   129.3   -52.8   -79.4   999.0   999.0   999.0   -22.8
     52   123.7   -48.5   -80.3   999.0   999.0   999.0   -17.8
     53   121.9   -56.2   -83.9   999.0   999.0   999.0   -11.5
     56   999.0   -53.3   -83.4   999.0   999.0   999.0   -18.7
     57   107.6   -57.5   -81.7   999.0   999.0   999.0   -18.9
     59   999.0   -63.7   -84.6   999.0   999.0   999.0   -16.5
     60   104.2   -66.0   148.3   999.0   999.0   999.0   -62.7
     61   -77.1   -38.2   -83.0   999.0   999.0   999.0   -12.2
     62   136.2   -46.9   -80.5   999.0   999.0   999.0   -18.6
     63   125.0   -50.9   -80.7   999.0   999.0   999.0   -28.0
     64   131.2   -44.1   -75.8   999.0   999.0   999.0   -22.1
     65   124.2   -49.9   -79.8   999.0   999.0   999.0   -11.0
     66   130.8   -52.0   -81.7   999.0   999.0   999.0   -17.2
     67   118.2   -54.2   -83.2   999.0   999.0   999.0   -20.4
     68   130.1   -47.3   -82.2   999.0   999.0   999.0   -19.0
     69   117.3   -55.1   -79.1   999.0   999.0   999.0   -18.8
     70   130.5   -53.1   -79.0   999.0   999.0   999.0   -28.3
     71   124.2   -60.3   -80.3   999.0   999.0   999.0   -17.8
     72   125.8   -62.1   -83.0   999.0   999.0   999.0   -19.3
     73   123.2   -50.4   -81.6   999.0   999.0   999.0   -14.0
     74   130.6   -50.7   -85.9   999.0   999.0   999.0   -26.9
     75   109.3   -42.3   -85.6   999.0   999.0   999.0   -28.3
     76   137.2   164.6   160.9   999.0   999.0   999.0   -42.1
